0.01
0.00
0.00
0.00
0.00
0.00
0.00
0.00
0.03
0.06
0.00
0.07
0.03
0.00
0.00
0.00
0.04
0.17
0.12
0.03
0.09
0.03
0.00
0.00
0.00
0.00
0.00
0.00
0.00
0.00
0.00
0.00
0.06
0.12
0.10
0.09
0.13
0.22
0.11
0.19
0.38
0.29
0.18
0.46
0.79
1.02
1.46
2.42
3.79
4.85
5.59
6.31
6.93
7.56
8.17
8.64
9.04
9.30
9.36
9.40
9.50
9.50
9.51
9.50
9.44
9.41
8.80
6.33
3.08
1.47
0.69
0.39
0.32
0.07
0.03
0.03
0.00
0.00
0.00
0.00
0.02
0.19
0.24
0.21
0.24
0.21
0.21
0.23
0.27
0.23
0.09
0.21
0.27
0.16
0.15
0.17
0.23
0.22
0.21
0.24
0.36
0.45
0.50
0.66
0.82
1.35
2.18
3.27
4.62
5.83
6.95
7.66
7.93
8.17
8.45
8.70
8.96
9.16
9.20
9.15
9.05
8.83
8.04
6.23
3.74
1.89
1.37
1.24
0.92
0.59
0.50
0.57
0.51
0.37
0.32
0.29
0.31
0.36
0.48
0.89
1.76
3.22
4.84
4.79
2.69
0.97
0.33
0.22
0.34
0.75
2.05
4.05
5.56
5.81
4.45
2.25
0.85
0.42
0.28
0.20
0.13
0.51
1.88
3.70
5.21
6.24
6.48
4.73
1.96
0.54
0.17
0.06
0.00
0.02
0.11
0.16
0.16
0.23
0.25
0.30
0.37
0.26
0.32
0.50
0.59
0.50
0.33
0.38
0.41
0.44
0.50
0.52
0.48
0.54
0.50
1.11
2.24
3.98
6.34
8.51
10.08
10.86
11.18
11.31
10.65
8.12
4.08
1.40
0.51
0.35
0.30
0.16
0.08
0.14
0.23
0.29
0.43
0.49
0.54
0.73
0.79
0.87
1.16
1.44
2.22
3.98
6.37
8.50
10.17
11.23
12.23
13.26
13.84
14.36
14.31
12.14
7.38
2.99
1.07
0.55
0.31
0.18
0.17
0.21
0.28
0.22
0.15
0.14
0.17
0.18
0.19
0.30
0.41
0.78
1.48
2.29
3.38
4.43
5.12
5.51
5.49
4.63
2.75
1.31
0.64
0.45
0.79
1.62
3.35
5.42
6.67
6.33
4.38
2.08
0.99
0.42
0.26
0.48
1.37
3.61
6.47
8.58
10.26
11.80
12.54
12.55
12.49
12.30
11.81
11.39
10.89
9.38
6.43
3.34
1.33
0.41
0.13
0.12
0.11
0.10
0.13
0.19
0.18
0.23
0.31
0.25
0.17
0.22
0.30
0.23
0.17
0.22
0.21
0.20
0.24
0.24
0.20
0.16
0.22
0.22
0.24
0.35
0.77
1.87
4.21
7.17
9.57
11.02
11.81
12.19
12.17
11.88
11.46
10.92
10.55
10.29
10.08
9.84
9.55
9.27
9.07
8.86
8.55
8.07
7.46
6.51
5.78
5.77
5.93
5.95
5.87
5.78
5.73
5.66
5.51
5.41
5.24
5.17
5.07
4.98
4.92
4.90
4.86
4.85
4.84
4.82
4.83
4.81
4.73
4.70
4.67
4.62
4.55
4.56
4.59
4.61
4.62
4.59
4.53
4.51
4.50
4.48
4.40
4.36
4.31
3.96
2.62
1.08
0.55
0.31
0.24
0.14
0.00
0.01
0.13
0.46
1.34
4.20
7.79
9.58
9.90
10.10
10.72
11.48
11.93
10.85
7.35
3.31
1.14
0.42
0.27
0.32
0.35
0.29
0.26
0.26
0.35
0.38
0.28
0.23
0.28
0.22
0.22
0.33
0.36
0.61
1.01
1.37
2.01
3.78
5.91
7.48
8.45
9.10
9.55
9.84
9.87
9.14
6.53
3.21
1.51
0.84
0.54
0.29
0.31
0.45
0.40
0.47
0.65
0.96
1.43
2.85
5.55
7.91
9.08
9.27
8.13
5.60
2.65
0.85
0.29
0.22
0.26
0.38
0.38
0.25
0.28
0.42
0.41
0.32
0.36
0.35
0.31
0.28
0.29
0.25
0.27
0.31
0.27
0.24
0.25
0.40
0.37
0.20
0.19
0.27
0.36
0.38
0.33
0.23
0.23
0.27
0.31
0.33
0.39
0.49
0.69
1.26
2.51
4.63
6.79
9.06
11.43
12.98
13.64
13.80
13.55
13.15
12.25
10.96
9.50
7.27
4.92
2.93
1.58
0.96
0.50
0.22
0.26
0.32
0.37
0.48
0.48
0.50
0.49
0.50
0.39
0.42
0.44
0.38
0.36
0.30
0.32
0.35
0.33
0.42
0.51
0.44
0.43
0.62
0.57
0.40
0.23
0.22
0.34
0.39
0.44
0.44
0.38
0.42
0.46
0.42
0.22
0.48
1.35
3.32
6.14
8.48
10.32
11.76
12.46
12.31
11.79
11.33
10.61
9.22
6.61
3.07
0.92
0.37
0.35
0.29
0.41
0.29
0.16
0.05
0.04
0.08
0.22
0.26
0.27
0.33
0.27
0.26
0.31
0.37
0.30
0.49
0.52
0.27
0.14
0.06
0.01
0.11
0.32
0.39
0.35
0.34
0.29
0.23
0.25
0.27
0.31
0.35
0.31
0.21
0.23
0.32
0.52
0.43
0.42
0.40
0.39
0.41
0.30
0.26
0.34
0.47
0.47
0.46
0.31
0.32
0.35
0.35
0.37
0.32
0.38
0.26
0.30
0.35
0.13
0.14
0.25
0.36
0.22
0.21
0.17
0.23
0.26
0.20
0.21
0.18
0.20
0.27
0.23
0.21
0.24
0.33
0.23
0.24
0.30
0.26
0.21