0.25
0.25
0.26
0.23
0.24
0.25
0.27
0.27
0.27
0.25
0.24
0.25
0.26
0.25
0.23
0.24
0.24
0.21
0.24
0.27
0.26
0.27
0.25
0.26
0.33
0.72
1.45
2.58
3.88
5.08
6.03
6.97
7.80
8.41
8.94
9.51
9.77
9.19
7.76
6.35
4.90
3.15
1.86
1.23
0.89
0.66
0.47
0.34
0.28
0.28
0.30
0.31
0.32
0.32
0.28
0.27
0.28
0.29
0.27
0.30
0.32
0.33
0.45
0.78
1.26
1.84
2.59
3.42
4.22
4.93
5.50
6.00
6.36
6.27
5.76
4.67
3.73
3.26
3.04
2.82
2.34
1.68
1.15
0.80
0.55
0.40
0.34
0.32
0.34
0.38
0.39
0.41
0.37
0.32
0.33
0.35
0.38
0.38
0.40
0.40
0.43
0.49
0.57
0.63
0.66
0.64
0.54
0.46
0.44
0.48
0.51
0.47
0.49
0.51
0.59
0.76
0.98
1.41
2.21
3.22
4.40
5.53
6.29
6.83
7.29
7.48
7.59
7.68
7.68
7.67
7.63
7.60
7.63
7.82
8.03
7.94
7.74
6.53
3.81
1.54
0.61
0.33
0.23
0.23
0.28
0.29
0.29
0.29
0.30
0.32
0.33
0.33
0.53
1.13
2.28
3.76
5.00
5.71
5.89
5.32
3.68
1.83
0.82
0.41
0.29
0.28
0.30
0.30
0.30
0.34
0.38
0.37
0.37
0.52
1.14
2.30
4.06
5.75
6.93
7.80
8.18
8.02
6.38
3.41
1.31
0.51
0.29
0.25
0.27
0.29
0.30
0.31
0.33
0.30
0.29
0.31
0.32
0.32
0.37
0.46
0.97
2.10
3.48
4.78
5.89
6.74
7.60
8.28
8.51
8.41
8.27
8.08
7.45
5.97
4.29
3.31
2.65
1.85
1.01
0.53
0.43
0.40
0.37
0.36
0.36
0.36
0.34
0.33
0.32
0.31
0.31
0.29
0.27
0.28
0.27
0.28
0.29
0.28
0.27
0.27
0.29
0.30
0.31
0.28
0.26
0.26
0.31
0.34
0.29
0.28
0.32
0.27
0.29
0.31
0.31
0.30
0.29
0.28
0.30
0.30
0.30
0.28
0.28
0.32
0.30
0.28
0.27
0.28
0.32
0.29
0.26
0.26
0.29
0.28
0.30
0.28
0.25
0.24
0.29
0.34
0.32
0.40
0.64
1.25
2.36
3.57
4.93
6.08
6.77
7.35
7.91
8.14
7.28
4.62
1.80
0.72
0.47
0.44
0.38
0.32
0.32
0.36
0.35
0.35
0.36
0.34
0.34
0.33
0.34
0.36
0.36
0.35
0.36
0.36
0.36
0.36
0.36
0.38
0.37
0.33
0.34
0.36
0.36
0.32
0.31
0.31
0.31
0.31
0.33
0.30
0.30
0.33
0.37
0.40
0.50
0.75
1.06
1.61
2.44
3.66
4.93
5.65
5.66
4.26
2.02
0.81
0.42
0.39
0.40
0.38
0.38
0.38
0.35
0.35
0.34
0.32
0.34
0.36
0.35
0.34
0.34
0.36
0.36
0.34
0.46
0.98
2.15
3.57
4.80
5.80
6.59
7.26
7.79
8.22
8.61
9.01
9.39
9.71
10.04
10.33
10.45
10.34
9.72
7.35
3.65
1.35
0.58
0.46
0.46
0.44
0.41
0.39
0.38
0.37
0.38
0.37
0.32
0.31
0.31
0.31
0.32
0.34
0.34
0.31
0.30
0.32
0.30
0.33
0.33
0.34
