0.58
0.57
0.56
0.57
0.59
0.58
0.59
0.60
0.57
0.55
0.56
0.58
0.58
0.60
0.60
0.60
0.60
0.60
0.57
0.55
0.55
0.55
0.57
0.56
0.56
0.58
0.56
0.54
0.57
0.59
0.60
0.59
0.57
0.53
0.56
0.55
0.56
0.56
0.56
0.58
0.58
0.60
0.62
0.58
0.56
0.58
0.60
0.64
0.72
0.80
1.01
1.40
2.03
2.82
3.68
4.71
5.46
6.03
6.64
7.14
7.39
7.57
7.72
7.86
7.92
7.99
8.03
8.05
8.17
8.29
8.39
8.32
7.86
6.58
4.60
2.91
1.86
1.22
0.87
0.71
0.63
0.59
0.53
0.52
0.52
0.51
0.52
0.47
0.50
0.54
0.56
0.55
0.53
0.49
0.36
0.31
0.43
0.49
0.40
0.12
0.04
0.04
0.04
0.03
0.03
0.05
0.17
0.29
0.32
0.31
0.36
0.38
0.40
0.31
0.15
0.04
0.05
0.09
0.25
0.32
0.32
0.34
0.32
0.31
0.35
0.34
0.34
0.32
0.34
0.36
0.36
0.36
0.38
0.40
0.54
0.91
1.46
2.54
4.01
5.36
6.12
6.54
6.80
7.12
7.47
7.19
5.59
3.38
1.79
0.91
0.59
0.49
0.50
0.52
0.51
0.48
0.47
0.50
0.51
0.51
0.46
0.45
0.44
0.47
0.49
0.47
0.47
0.46
0.46
0.46
0.45
0.45
0.45
0.43
0.45
0.46
0.46
0.48
0.48
0.49
0.50
0.49
0.47
0.48
0.46
0.47
0.44
0.42
0.44
0.44
0.44
0.39
0.28
0.09
0.07
0.07
0.20
0.31
0.36
0.37
0.35
0.37
0.38
0.36
0.37
0.39
0.41
0.38
0.35
0.37
0.37
0.37
0.36
0.38
0.38
0.37
0.38
0.39
0.38
0.36
0.39
0.37
0.34
0.37
0.36
0.38
0.38
0.37
0.38
0.37
0.36
0.36
0.38
0.40
0.36
0.31
0.37
0.40
0.38
0.38
0.38
0.35
0.34
0.36
0.38
0.39
0.37
0.37
0.40
0.38
0.35
0.36
0.38
0.38
0.42
0.41
0.39
0.38
