0.00
0.01
0.03
0.03
0.04
0.06
0.06
0.05
0.01
0.04
0.05
0.05
0.05
0.01
0.00
0.00
0.01
0.10
0.17
0.11
0.05
0.05
0.06
0.16
0.50
1.19
1.99
2.62
3.22
3.52
3.70
4.03
4.39
4.67
4.93
5.29
5.47
5.57
5.55
5.46
5.37
5.09
4.00
1.96
0.49
0.15
0.14
0.13
0.12
0.13
0.09
0.07
0.07
0.11
0.11
0.09
0.11
0.10
0.08
0.09
0.09
0.08
0.07
0.06
0.07
0.09
0.09
0.10
0.12
0.09
0.09
0.09
0.09
0.09
0.08
0.07
0.07
0.09
0.08
0.07
0.06
0.09
0.07
0.05
0.08
0.10
0.07
0.06
0.05
0.08
0.10
0.11
0.12
0.10
0.11
0.10
0.10
0.08
0.07
0.09
0.06
0.06
0.10
0.10
0.12
0.10
0.09
0.08
0.12
0.14
0.10
0.10
0.18
0.36
1.07
2.54
2.92
1.71
0.65
1.01
3.52
6.28
8.11
9.23
9.88
10.29
10.54
10.68
10.83
10.99
11.09
11.19
10.86
9.08
5.38
2.18
0.76
0.29
0.24
0.21
0.17
0.16
0.16
0.16
0.19
0.19
0.17
0.17
0.19
0.19
0.18
0.16
0.14
0.16
0.13
0.17
0.21
0.21
0.22
0.21
0.20
0.20
0.19
0.18
0.20
0.22
0.20
0.20
0.23
0.22
0.19
0.17
0.16
0.15
0.16
0.17
0.14
0.15
0.18
0.17
0.16
0.12
0.35
1.54
1.70
0.58
0.18
0.46
1.91
2.07
0.63
0.11
0.68
3.06
2.97
0.79
0.06
0.32
2.24
3.01
1.18
0.20
0.51
3.10
4.10
1.66
0.22
0.23
2.37
4.06
1.93
0.31
0.10
1.82
4.30
2.61
0.73
0.27
0.26
0.27
0.26
0.26
0.25
0.27
0.28
0.28
0.26
0.26
0.30
0.28
0.28
0.28
0.25
0.24
0.25
0.24
0.29
0.28
0.24
0.27
0.28
0.26
0.27
0.26
0.25
0.25
0.24
0.28
0.28
0.28
0.26
0.26
0.24
0.24
0.25
0.26
0.26
0.25
0.25
0.26
0.28
0.27
0.26
0.29
0.30
0.31
0.30
0.30
0.28
0.28
0.30
0.29
0.28
