C:\Users\Asus_Meduag\AppData\Local\Programs\Python\Python37\python.exe "C:/Users/Asus_Meduag/Dropbox/00Iniciode_Doctorado/009 semestre/teste total/teste_total.py"




Comenzando Calibation >>>>>>>>>>>>>>>>>>>>>>>>>>>>>>>>
2>50>500>1.0>5>2.0>2.0>0>4.0>1>0.5>0.5>0>1>5>500>0>1>0>0>1>0>
Start capture for Acel data
End Thread Stim data
RAW > BADDDDDDDDDDDDDDDDDD: 31 0;-1208;136;16388;0
End capture about Acel data en send Value for end load cell capture data
End generation of Acel file
Pasando a calcular o desvio padrao base para limear
valor medio: 0.25021420412341333
La desviacion standard es: 0.0012013966088228998
El valor de threshold es: 0.0072083796529373995
End Thread Calibration process
End Thread Acel data
1
[<_MainThread(MainThread, started 2712)>]
<_MainThread(MainThread, started 2712)>




Comenzando TEX >>>>>>>>>>>>>>>>>>>>>>>>>>>>>>>>
2>50>500>1.0>5>2.0>2.0>0>4.0>1>0.5>0.5>0>10>25>500>1>0>0>0>1>0>
Start capture for Acel data
End Thread Stim data
RAW > BADDDDDDDDDDDDDDDDDD: 31 0;-1256;144;16448;0




STOP >>>>>>>>>>>>>>>>>>>>>>>>>>>>>>>>>>>>>>>
0>50>500>1.0>5>2.0>2.0>0>4.0>1>0.5>0.5>0>1>5>500>0>0>0>0>0>1>
Enviando comando Stop
Error open serial port: could not open port 'COM4': PermissionError(13, 'Access is denied.', None, 5) En -- read_serial group--
Pasando a enviar stop forzado <<<<>>>>>
Cannot open serial port COM3En -- read_serial Stop--
Enviando comando Stop
Vibracion detectada en 11 mA
End generation of Acel file
End Thread Acel data
1
[<_MainThread(MainThread, started 2712)>]
<_MainThread(MainThread, started 2712)>




Comenzando TEX >>>>>>>>>>>>>>>>>>>>>>>>>>>>>>>>
2>50>500>1.0>5>2.0>2.0>0>4.0>1>0.5>0.5>0>10>21>500>1>0>0>0>1>0>
Start capture for Acel data
End Thread Stim data
RAW > BADDDDDDDDDDDDDDDDDD: 31 0;-1192;172;16368;0




STOP >>>>>>>>>>>>>>>>>>>>>>>>>>>>>>>>>>>>>>>
0>50>500>1.0>5>2.0>2.0>0>4.0>1>0.5>0.5>0>1>5>500>0>0>0>0>0>1>
Enviando comando Stop
Error open serial port: could not open port 'COM4': PermissionError(13, 'Access is denied.', None, 5) En -- read_serial group--
Pasando a enviar stop forzado <<<<>>>>>
Cannot open serial port COM3En -- read_serial Stop--
Enviando comando Stop
Vibracion detectada en 17 mA
End generation of Acel file
End Thread Acel data




Comenzando STIM >>>>>>>>>>>>>>>>>>>>>>>>>>>>>>>>
1>70>500>4.0>5>0.5>0.5>50>4.0>1>0.5>0.5>0>1>5>500>0>0>1>0>1>0>
End Thread Stim data
Start capture for Acel data
Start capture for Load data
RAW > BADDDDDDDDDDDDDDDDDD: 31 0;-1188;40;16388;0
0.15
0.12
0.13
0.12
0.12
0.13
0.13
0.09
0.10
0.13
0.15
0.44
2.25
5.55
8.77
10.28
10.76
11.06
11.14
11.12
11.05
10.95
10.89
10.89
10.86
10.81
10.77
10.74
10.67
10.61
10.56
10.52
10.43
10.38
10.34
10.28
10.23
10.17
10.11
10.05
9.99
9.90
9.85
9.82
9.77
9.70
9.65
9.62
9.59
9.50
9.41
9.38
9.35
9.32
9.31
9.25
9.17
8.81
6.54
2.83
0.66
0.14
0.02
0.00
0.07
0.05
0.05
0.05
0.04
0.01
0.02
0.04
0.08
0.07
0.08
0.09
0.10
0.08
0.08
0.10
0.06
0.05
0.02
0.03
0.03
0.04
0.08
0.07
0.03
0.06
0.04
0.04
0.07
0.06
0.07
0.05
0.04
0.05
0.07
0.06
0.07
0.07
0.08
0.07
0.07
0.05
0.03
0.05
0.07
0.08
0.07
0.07
0.09
0.08
0.06
0.08
0.08
0.06
0.05
0.11
1.06
4.06
7.71
9.97
10.54
10.68
10.74
10.73
10.69
10.64
10.61
10.55
10.49
10.41
10.35
10.35
10.28
10.14
10.04
9.97
9.90
9.84
9.73
9.62
9.55
9.45
9.35
9.26
9.19
9.11
9.05
8.97
8.85
8.73
8.62
8.55
8.45
8.36
8.25
8.13
8.07
7.93
7.81
7.72
7.62
7.44
6.41
3.46
0.94
0.14
0.00
0.00
0.00
0.00
0.03
0.02
0.00
0.00
0.00
0.00
0.01
0.00
0.00
0.00
0.00
0.01
0.05
0.02
0.03
0.00
0.00
0.00
0.00
0.01
0.02
0.02
0.01
0.00
0.00
0.02
0.03
0.01
0.00
0.02
0.01
0.02
0.02
0.01
0.00
0.00
0.01
0.00
0.00
0.00
0.00
0.00
0.00
0.00
0.01
0.00
0.00
0.01
0.01
0.00
0.01
0.00
0.00
0.01
0.24
1.80
5.04
8.11
9.34
9.36
9.25
9.18
9.10
9.02
8.91
8.77
8.56
8.40
8.21
7.97
7.71
7.48
7.32
7.16
7.12
7.05
6.87
6.64
6.52
6.40
6.30
6.21
6.09
6.00
5.85
5.66
5.54
5.48
5.36
5.24
5.13
5.09
5.01
4.83
4.62
4.48
4.46
4.42
4.34
4.23
3.95
2.61
0.85
0.09
0.00
0.00
0.00
0.00
0.00
0.00
0.00
0.00
0.00
0.00
0.00
0.00
0.00
0.00
0.00
0.00
0.00
0.00
0.00
0.00
0.00
0.00
0.00
0.00
0.00
0.00
0.00
0.00
0.00
0.00
0.00
0.00
0.00
0.00
0.00
0.00
0.00
0.00
0.00
0.00
0.00
0.00
0.00
0.00
0.00
0.00
0.00
0.00
0.00
0.00
0.00
0.00
0.00
0.00
0.00
0.00
0.00
0.00
0.00
0.44
2.49
5.27
7.18
7.49
7.30
7.21
7.08
6.85
6.63
6.41
6.15
5.93
5.73
5.56
5.36
5.22
5.15
5.04
4.83
4.53
4.44
4.38
4.23
4.05
3.97
3.88
3.69
3.48
3.34
3.11
3.04
3.14
3.14
2.97
2.73
2.61
2.55
2.46
2.39
2.30
2.28
2.24
2.15
2.09
2.03
1.66
0.73
0.12
0.00
0.00
0.00
0.00
0.00
0.00
0.00
0.00
0.00
0.00
0.00
0.00
0.00
0.00
0.00
0.00
0.00
0.00
0.00
0.00
0.00
0.00
0.00
0.00
0.00
0.00
0.00
0.00
0.00
0.00
0.00
0.00
0.00
0.00
0.00
0.00
0.00
0.00
0.00
0.00
0.00
0.00
0.00
0.00
0.00
0.00
0.00
0.00
0.00
0.00
0.00
0.00
0.00
0.00
0.00
0.00
0.00
0.00
0.00
0.01
0.87
3.01
4.91
5.69
5.32
4.95
4.76
4.47
4.15
3.89
3.76
3.63
3.41
3.22
3.21
3.04
2.69
2.57
2.56
2.41
2.17
2.07
2.07
2.02
1.88
1.75
1.67
1.65
1.68
1.64
1.52
1.40
1.38
1.30
1.24
1.21
1.17
1.17
1.14
1.08
1.09
1.09
1.03
0.98
1.01
0.97
0.61
0.15
0.00
0.00
0.00
0.00
0.00
0.00
0.00
0.00
0.00
0.00
0.00
0.00
0.00
0.00
0.00
0.00
0.00
0.00
0.00
0.00
0.00
0.00
0.00
0.00
0.00
0.00
0.00
0.00
0.00
0.00
0.00
0.00
0.00
0.00
0.00
0.00
0.00
0.00
0.00
0.00
0.00
0.00
0.00
0.00
0.00
0.00
0.00
0.00
0.00
0.00
0.00
0.00
0.00
0.00
0.00
0.00
0.00
0.00
0.00
0.00
0.18
1.50
3.31
4.39
4.29
3.67
3.37
3.27
3.06
2.71
2.59
2.80
2.77
2.29
1.89
1.79
1.78
1.66
1.47
1.43
1.39
1.28
1.17
1.10
1.13
1.07
1.04
1.03
0.95
0.84
0.77
0.76
0.86
0.88
0.79
0.69
0.69
0.78
0.79
0.74
0.62
0.53
0.50
0.53
0.61
0.71
0.61
0.24
0.01
0.00
0.00
0.00
0.00
0.00
0.00
0.00
0.00
0.00
0.00
0.00
0.00
0.00
0.00
0.00
0.00
0.00
0.00
0.00
0.00
0.00
0.00
0.00
0.00
0.00
0.00
0.00
0.00
0.00
0.00
0.00
0.00
0.00
0.00
0.00
0.00
0.00
0.00
0.00
0.00
0.00
0.00
0.00
0.00
0.00
0.00
0.00
0.00
0.00
0.00
0.00
0.00
0.00
0.00
0.00
Error communicating...: index 1 is out of bounds for axis 0 with size 0 No se puede mandar el mensaje al acel
0.00
End capture about load data - saliendo de capturar datos de la celula de carga -
1 0.15
2 0.12
3 0.13
4 0.12
5 0.12
6 0.13
7 0.13
8 0.09
9 0.10
10 0.13
11 0.15
12 0.44
13 2.25
14 5.55
15 8.77
16 10.28
17 10.76
18 11.06
19 11.14
20 11.12
21 11.05
22 10.95
23 10.89
24 10.89
25 10.86
26 10.81
27 10.77
28 10.74
29 10.67
30 10.61
31 10.56
32 10.52
33 10.43
34 10.38
35 10.34
36 10.28
37 10.23
38 10.17
39 10.11
40 10.05
41 9.99
42 9.90
43 9.85
44 9.82
45 9.77
46 9.70
47 9.65
48 9.62
49 9.59
50 9.50
51 9.41
52 9.38
53 9.35
54 9.32
55 9.31
56 9.25
57 9.17
58 8.81
59 6.54
60 2.83
61 0.66
62 0.14
63 0.02
64 0.00
65 0.07
66 0.05
67 0.05
68 0.05
69 0.04
70 0.01
71 0.02
72 0.04
73 0.08
74 0.07
75 0.08
76 0.09
77 0.10
78 0.08
79 0.08
80 0.10
81 0.06
82 0.05
83 0.02
84 0.03
85 0.03
86 0.04
87 0.08
88 0.07
89 0.03
90 0.06
91 0.04
92 0.04
93 0.07
94 0.06
95 0.07
96 0.05
97 0.04
98 0.05
99 0.07
100 0.06
101 0.07
102 0.07
103 0.08
104 0.07
105 0.07
106 0.05
107 0.03
108 0.05
109 0.07
110 0.08
111 0.07
112 0.07
113 0.09
114 0.08
115 0.06
116 0.08
117 0.08
118 0.06
119 0.05
120 0.11
121 1.06
122 4.06
123 7.71
124 9.97
125 10.54
126 10.68
127 10.74
128 10.73
129 10.69
130 10.64
131 10.61
132 10.55
133 10.49
134 10.41
135 10.35
136 10.35
137 10.28
138 10.14
139 10.04
140 9.97
141 9.90
142 9.84
143 9.73
144 9.62
145 9.55
146 9.45
147 9.35
148 9.26
149 9.19
150 9.11
151 9.05
152 8.97
153 8.85
154 8.73
155 8.62
156 8.55
157 8.45
158 8.36
159 8.25
160 8.13
161 8.07
162 7.93
163 7.81
164 7.72
165 7.62
166 7.44
167 6.41
168 3.46
169 0.94
170 0.14
171 0.00
172 0.00
173 0.00
174 0.00
175 0.03
176 0.02
177 0.00
178 0.00
179 0.00
180 0.00
181 0.01
182 0.00
183 0.00
184 0.00
185 0.00
186 0.01
187 0.05
188 0.02
189 0.03
190 0.00
191 0.00
192 0.00
193 0.00
194 0.01
195 0.02
196 0.02
197 0.01
198 0.00
199 0.00
200 0.02
201 0.03
202 0.01
203 0.00
204 0.02
205 0.01
206 0.02
207 0.02
208 0.01
209 0.00
210 0.00
211 0.01
212 0.00
213 0.00
214 0.00
215 0.00
216 0.00
217 0.00
218 0.00
219 0.01
220 0.00
221 0.00
222 0.01
223 0.01
224 0.00
225 0.01
226 0.00
227 0.00
228 0.01
229 0.24
230 1.80
231 5.04
232 8.11
233 9.34
234 9.36
235 9.25
236 9.18
237 9.10
238 9.02
239 8.91
240 8.77
241 8.56
242 8.40
243 8.21
244 7.97
245 7.71
246 7.48
247 7.32
248 7.16
249 7.12
250 7.05
251 6.87
252 6.64
253 6.52
254 6.40
255 6.30
256 6.21
257 6.09
258 6.00
259 5.85
260 5.66
261 5.54
262 5.48
263 5.36
264 5.24
265 5.13
266 5.09
267 5.01
268 4.83
269 4.62
270 4.48
271 4.46
272 4.42
273 4.34
274 4.23
275 3.95
276 2.61
277 0.85
278 0.09
279 0.00
280 0.00
281 0.00
282 0.00
283 0.00
284 0.00
285 0.00
286 0.00
287 0.00
288 0.00
289 0.00
290 0.00
291 0.00
292 0.00
293 0.00
294 0.00
295 0.00
296 0.00
297 0.00
298 0.00
299 0.00
300 0.00
301 0.00
302 0.00
303 0.00
304 0.00
305 0.00
306 0.00
307 0.00
308 0.00
309 0.00
310 0.00
311 0.00
312 0.00
313 0.00
314 0.00
315 0.00
316 0.00
317 0.00
318 0.00
319 0.00
320 0.00
321 0.00
322 0.00
323 0.00
324 0.00
325 0.00
326 0.00
327 0.00
328 0.00
329 0.00
330 0.00
331 0.00
332 0.00
333 0.00
334 0.00
335 0.00
336 0.00
337 0.00
338 0.44
339 2.49
340 5.27
341 7.18
342 7.49
343 7.30
344 7.21
345 7.08
346 6.85
347 6.63
348 6.41
349 6.15
350 5.93
351 5.73
352 5.56
353 5.36
354 5.22
355 5.15
356 5.04
357 4.83
358 4.53
359 4.44
360 4.38
361 4.23
362 4.05
363 3.97
364 3.88
365 3.69
366 3.48
367 3.34
368 3.11
369 3.04
370 3.14
371 3.14
372 2.97
373 2.73
374 2.61
375 2.55
376 2.46
377 2.39
378 2.30
379 2.28
380 2.24
381 2.15
382 2.09
383 2.03
384 1.66
385 0.73
386 0.12
387 0.00
388 0.00
389 0.00
390 0.00
391 0.00
392 0.00
393 0.00
394 0.00
395 0.00
396 0.00
397 0.00
398 0.00
399 0.00
400 0.00
401 0.00
402 0.00
403 0.00
404 0.00
405 0.00
406 0.00
407 0.00
408 0.00
409 0.00
410 0.00
411 0.00
412 0.00
413 0.00
414 0.00
415 0.00
416 0.00
417 0.00
418 0.00
419 0.00
420 0.00
421 0.00
422 0.00
423 0.00
424 0.00
425 0.00
426 0.00
427 0.00
428 0.00
429 0.00
430 0.00
431 0.00
432 0.00
433 0.00
434 0.00
435 0.00
436 0.00
437 0.00
438 0.00
439 0.00
440 0.00
441 0.00
442 0.00
443 0.00
444 0.00
445 0.00
446 0.01
447 0.87
448 3.01
449 4.91
450 5.69
451 5.32
452 4.95
453 4.76
454 4.47
455 4.15
456 3.89
457 3.76
458 3.63
459 3.41
460 3.22
461 3.21
462 3.04
463 2.69
464 2.57
465 2.56
466 2.41
467 2.17
468 2.07
469 2.07
470 2.02
471 1.88
472 1.75
473 1.67
474 1.65
475 1.68
476 1.64
477 1.52
478 1.40
479 1.38
480 1.30
481 1.24
482 1.21
483 1.17
484 1.17
485 1.14
486 1.08
487 1.09
488 1.09
489 1.03
490 0.98
491 1.01
492 0.97
493 0.61
494 0.15
495 0.00
496 0.00
497 0.00
498 0.00
499 0.00
500 0.00
501 0.00
502 0.00
503 0.00
504 0.00
505 0.00
506 0.00
507 0.00
508 0.00
509 0.00
510 0.00
511 0.00
512 0.00
513 0.00
514 0.00
515 0.00
516 0.00
517 0.00
518 0.00
519 0.00
520 0.00
521 0.00
522 0.00
523 0.00
524 0.00
525 0.00
526 0.00
527 0.00
528 0.00
529 0.00
530 0.00
531 0.00
532 0.00
533 0.00
534 0.00
535 0.00
536 0.00
537 0.00
538 0.00
539 0.00
540 0.00
541 0.00
542 0.00
543 0.00
544 0.00
545 0.00
546 0.00
547 0.00
548 0.00
549 0.00
550 0.00
551 0.00
552 0.00
553 0.00
554 0.00
555 0.18
556 1.50
557 3.31
558 4.39
559 4.29
560 3.67
561 3.37
562 3.27
563 3.06
564 2.71
565 2.59
566 2.80
567 2.77
568 2.29
569 1.89
570 1.79
571 1.78
572 1.66
573 1.47
574 1.43
575 1.39
576 1.28
577 1.17
578 1.10
579 1.13
580 1.07
581 1.04
582 1.03
583 0.95
584 0.84
585 0.77
586 0.76
587 0.86
588 0.88
589 0.79
590 0.69
591 0.69
592 0.78
593 0.79
594 0.74
595 0.62
596 0.53
597 0.50
598 0.53
599 0.61
600 0.71
601 0.61
602 0.24
603 0.01
604 0.00
605 0.00
606 0.00
607 0.00
608 0.00
609 0.00
610 0.00
611 0.00
612 0.00
613 0.00
614 0.00
615 0.00
616 0.00
617 0.00
618 0.00
619 0.00
620 0.00
621 0.00
622 0.00
623 0.00
624 0.00
625 0.00
626 0.00
627 0.00
628 0.00
629 0.00
630 0.00
631 0.00
632 0.00
633 0.00
634 0.00
635 0.00
636 0.00
637 0.00
638 0.00
639 0.00
640 0.00
641 0.00
642 0.00
643 0.00
644 0.00
645 0.00
646 0.00
647 0.00
648 0.00
649 0.00
650 0.00
651 0.00
652 0.00
653 0.00
654 0.00
655 0.00
656 0.00
657 0.00
658 0.00
659 0.00
End generation of Load file
End Thread Load data
End generation of Acel file
End Thread Acel data
1
[<_MainThread(MainThread, started 2712)>]
<_MainThread(MainThread, started 2712)>




Comenzando TEX >>>>>>>>>>>>>>>>>>>>>>>>>>>>>>>>
2>50>500>1.0>5>2.0>2.0>0>4.0>1>0.5>0.5>0>16>27>500>1>0>0>0>1>0>
Start capture for Acel data
End Thread Stim data
RAW > BADDDDDDDDDDDDDDDDDD: 31 0;-1120;336;16528;0




STOP >>>>>>>>>>>>>>>>>>>>>>>>>>>>>>>>>>>>>>>
0>50>500>1.0>5>2.0>2.0>0>4.0>1>0.5>0.5>0>1>5>500>0>0>0>0>0>1>
Enviando comando Stop
Error open serial port: could not open port 'COM4': PermissionError(13, 'Access is denied.', None, 5) En -- read_serial group--
Pasando a enviar stop forzado <<<<>>>>>
Cannot open serial port COM3En -- read_serial Stop--
Enviando comando Stop
Vibracion detectada en 22 mA
End generation of Acel file
End Thread Acel data




Comenzando STIM >>>>>>>>>>>>>>>>>>>>>>>>>>>>>>>>
1>70>500>4.0>5>0.5>0.5>50>4.0>1>0.5>0.5>0>1>5>500>0>0>1>0>1>0>
End Thread Stim data
Start capture for Acel data
Start capture for Load data
RAW > BADDDDDDDDDDDDDDDDDD: 31 0;-1108;256;16408;0
0.01
0.02
0.03
0.05
0.02
0.04
0.05
0.05
0.08
0.06
0.04
0.05
0.41
2.34
5.07
7.02
7.40
7.15
6.93
6.76
6.61
6.39
6.15
5.88
5.70
5.57
5.41
5.21
5.02
4.81
4.66
4.54
4.47
4.39
4.25
4.09
3.99
3.91
3.79
3.67
3.60
3.52
3.42
3.23
3.10
3.04
2.89
2.79
2.76
2.70
2.63
2.59
2.58
2.55
2.45
2.29
2.29
2.29
1.90
0.84
0.17
0.07
0.06
0.06
0.04
0.02
0.04
0.07
0.06
0.02
0.03
0.05
0.08
0.10
0.08
0.03
0.02
0.04
0.04
0.05
0.05
0.04
0.07
0.05
0.05
0.04
0.05
0.06
0.04
0.04
0.06
0.07
0.06
0.08
0.08
0.08
0.06
0.06
0.06
0.08
0.07
0.05
0.04
0.07
0.08
0.06
0.04
0.05
0.04
0.08
0.08
0.04
0.04
0.07
0.07
0.06
0.04
0.07
0.08
0.08
0.13
0.83
2.75
4.35
5.06
4.88
4.62
4.45
4.30
4.08
3.86
3.63
3.47
3.35
3.18
2.95
2.84
2.72
2.62
2.60
2.46
2.30
2.27
2.21
2.11
2.05
2.04
2.01
1.89
1.71
1.67
1.69
1.57
1.44
1.44
1.44
1.40
1.41
1.40
1.39
1.37
1.34
1.29
1.22
1.14
1.11
1.06
0.68
0.19
0.08
0.05
0.03
0.05
0.02
0.02
0.04
0.04
0.03
0.04
0.04
0.06
0.08
0.06
0.04
0.03
0.00
0.01
0.03
0.06
0.04
0.04
0.04
0.05
0.05
0.00
0.02
0.05
0.04
0.05
0.06
0.06
0.06
0.05
0.07
0.05
0.03
0.03
0.04
0.08
0.06
0.03
0.03
0.03
0.02
0.03
0.07
0.07
0.05
0.03
0.07
0.05
0.02
0.06
0.07
0.07
0.06
0.03
0.04
0.09
0.23
1.16
2.79
3.86
3.86
3.18
2.91
2.79
2.54
2.32
2.12
2.00
1.91
1.87
1.77
1.66
1.66
1.61
1.51
1.41
1.35
1.36
1.28
1.16
1.09
1.00
0.90
0.94
1.02
0.94
0.82
0.68
0.75
0.79
0.76
0.79
0.84
0.81
0.77
0.71
0.71
0.73
0.75
0.77
0.76
0.70
0.52
0.23
0.10
0.06
0.03
0.04
0.06
0.03
0.03
0.04
0.07
0.08
0.07
0.07
0.04
0.06
0.08
0.07
0.06
0.05
0.07
0.06
0.07
0.08
0.07
0.08
0.06
0.04
0.05
0.08
0.06
0.06
0.05
0.07
0.07
0.05
0.05
0.09
0.08
0.07
0.07
0.07
0.06
0.04
0.02
0.05
0.08
0.08
0.07
0.07
0.05
0.08
0.09
0.07
0.10
0.08
0.10
0.08
0.08
0.08
0.06
0.09
0.09
0.36
1.52
2.95
3.61
3.06
2.33
2.11
1.99
1.93
1.89
1.75
1.64
1.62
1.54
1.38
1.22
1.11
1.13
1.10
1.00
0.83
0.73
0.70
0.74
0.84
0.89
0.80
0.63
0.50
0.56
0.64
0.67
0.65
0.61
0.67
0.81
0.75
0.65
0.60
0.60
0.61
0.59
0.57
0.55
0.49
0.45
0.36
0.22
0.13
0.08
0.07
0.11
0.12
0.09
0.09
0.09
0.09
0.11
0.10
0.08
0.05
0.05
0.07
0.12
0.12
0.11
0.08
0.10
0.10
0.06
0.08
0.09
0.10
0.08
0.05
0.06
0.07
0.05
0.08
0.10
0.10
0.10
0.12
0.11
0.09
0.08
0.08
0.08
0.07
0.06
0.07
0.09
0.09
0.09
0.08
0.05
0.06
0.04
0.03
0.06
0.10
0.06
0.06
0.05
0.03
0.05
0.04
0.03
0.10
0.55
1.89
3.11
3.38
2.60
2.03
1.92
1.71
1.59
1.51
1.42
1.31
1.25
1.19
1.08
0.96
0.96
0.97
0.96
0.92
0.85
0.76
0.69
0.70
0.72
0.74
0.70
0.64
0.63
0.80
0.92
0.81
0.71
0.66
0.58
0.56
0.54
0.52
0.49
0.50
0.54
0.68
0.67
0.56
0.51
0.46
0.22
0.06
0.04
0.03
0.04
0.04
0.02
0.02
0.00
0.00
0.03
0.03
0.02
0.01
0.00
0.01
0.01
0.00
0.00
0.02
0.00
0.02
0.02
0.02
0.00
0.00
0.02
0.04
0.02
0.00
0.00
0.01
0.01
0.00
0.00
0.04
0.04
0.01
0.00
0.00
0.00
0.02
0.05
0.02
0.00
0.00
0.00
0.00
0.00
0.00
0.00
0.00
0.00
0.00
0.00
0.00
0.00
0.00
0.00
0.00
0.00
0.00
0.07
0.82
2.16
3.01
2.70
1.98
1.76
1.79
1.71
1.56
1.30
1.21
1.14
1.08
1.03
0.99
0.94
0.84
0.81
0.84
0.81
0.84
0.91
0.99
0.94
0.77
0.66
0.66
0.72
0.74
0.72
0.65
0.62
0.62
0.59
0.58
0.65
0.72
0.81
0.80
0.75
0.77
0.77
0.66
0.49
0.39
0.24
0.07
0.02
0.04
0.01
0.02
0.02
0.00
0.00
0.03
0.02
0.01
0.03
0.00
0.00
0.00
0.00
0.00
0.00
0.00
0.00
0.03
0.01
0.02
0.00
0.00
0.00
0.02
0.02
0.00
0.00
0.00
0.00
0.00
0.01
0.02
0.00
0.00
0.01
0.00
0.00
0.03
0.04
0.01
0.01
0.01
0.01
0.03
0.01
0.02
0.03
0.03
0.00
0.00
0.02
0.04
0.03
0.03
0.02
Error communicating...: index 1 is out of bounds for axis 0 with size 0 No se puede mandar el mensaje al acel
0.00
End capture about load data - saliendo de capturar datos de la celula de carga -
1 0.01
2 0.02
3 0.03
4 0.05
5 0.02
6 0.04
7 0.05
8 0.05
9 0.08
10 0.06
11 0.04
12 0.05
13 0.41
14 2.34
15 5.07
16 7.02
17 7.40
18 7.15
19 6.93
20 6.76
21 6.61
22 6.39
23 6.15
24 5.88
25 5.70
26 5.57
27 5.41
28 5.21
29 5.02
30 4.81
31 4.66
32 4.54
33 4.47
34 4.39
35 4.25
36 4.09
37 3.99
38 3.91
39 3.79
40 3.67
41 3.60
42 3.52
43 3.42
44 3.23
45 3.10
46 3.04
47 2.89
48 2.79
49 2.76
50 2.70
51 2.63
52 2.59
53 2.58
54 2.55
55 2.45
56 2.29
57 2.29
58 2.29
59 1.90
60 0.84
61 0.17
62 0.07
63 0.06
64 0.06
65 0.04
66 0.02
67 0.04
68 0.07
69 0.06
70 0.02
71 0.03
72 0.05
73 0.08
74 0.10
75 0.08
76 0.03
77 0.02
78 0.04
79 0.04
80 0.05
81 0.05
82 0.04
83 0.07
84 0.05
85 0.05
86 0.04
87 0.05
88 0.06
89 0.04
90 0.04
91 0.06
92 0.07
93 0.06
94 0.08
95 0.08
96 0.08
97 0.06
98 0.06
99 0.06
100 0.08
101 0.07
102 0.05
103 0.04
104 0.07
105 0.08
106 0.06
107 0.04
108 0.05
109 0.04
110 0.08
111 0.08
112 0.04
113 0.04
114 0.07
115 0.07
116 0.06
117 0.04
118 0.07
119 0.08
120 0.08
121 0.13
122 0.83
123 2.75
124 4.35
125 5.06
126 4.88
127 4.62
128 4.45
129 4.30
130 4.08
131 3.86
132 3.63
133 3.47
134 3.35
135 3.18
136 2.95
137 2.84
138 2.72
139 2.62
140 2.60
141 2.46
142 2.30
143 2.27
144 2.21
145 2.11
146 2.05
147 2.04
148 2.01
149 1.89
150 1.71
151 1.67
152 1.69
153 1.57
154 1.44
155 1.44
156 1.44
157 1.40
158 1.41
159 1.40
160 1.39
161 1.37
162 1.34
163 1.29
164 1.22
165 1.14
166 1.11
167 1.06
168 0.68
169 0.19
170 0.08
171 0.05
172 0.03
173 0.05
174 0.02
175 0.02
176 0.04
177 0.04
178 0.03
179 0.04
180 0.04
181 0.06
182 0.08
183 0.06
184 0.04
185 0.03
186 0.00
187 0.01
188 0.03
189 0.06
190 0.04
191 0.04
192 0.04
193 0.05
194 0.05
195 0.00
196 0.02
197 0.05
198 0.04
199 0.05
200 0.06
201 0.06
202 0.06
203 0.05
204 0.07
205 0.05
206 0.03
207 0.03
208 0.04
209 0.08
210 0.06
211 0.03
212 0.03
213 0.03
214 0.02
215 0.03
216 0.07
217 0.07
218 0.05
219 0.03
220 0.07
221 0.05
222 0.02
223 0.06
224 0.07
225 0.07
226 0.06
227 0.03
228 0.04
229 0.09
230 0.23
231 1.16
232 2.79
233 3.86
234 3.86
235 3.18
236 2.91
237 2.79
238 2.54
239 2.32
240 2.12
241 2.00
242 1.91
243 1.87
244 1.77
245 1.66
246 1.66
247 1.61
248 1.51
249 1.41
250 1.35
251 1.36
252 1.28
253 1.16
254 1.09
255 1.00
256 0.90
257 0.94
258 1.02
259 0.94
260 0.82
261 0.68
262 0.75
263 0.79
264 0.76
265 0.79
266 0.84
267 0.81
268 0.77
269 0.71
270 0.71
271 0.73
272 0.75
273 0.77
274 0.76
275 0.70
276 0.52
277 0.23
278 0.10
279 0.06
280 0.03
281 0.04
282 0.06
283 0.03
284 0.03
285 0.04
286 0.07
287 0.08
288 0.07
289 0.07
290 0.04
291 0.06
292 0.08
293 0.07
294 0.06
295 0.05
296 0.07
297 0.06
298 0.07
299 0.08
300 0.07
301 0.08
302 0.06
303 0.04
304 0.05
305 0.08
306 0.06
307 0.06
308 0.05
309 0.07
310 0.07
311 0.05
312 0.05
313 0.09
314 0.08
315 0.07
316 0.07
317 0.07
318 0.06
319 0.04
320 0.02
321 0.05
322 0.08
323 0.08
324 0.07
325 0.07
326 0.05
327 0.08
328 0.09
329 0.07
330 0.10
331 0.08
332 0.10
333 0.08
334 0.08
335 0.08
336 0.06
337 0.09
338 0.09
339 0.36
340 1.52
341 2.95
342 3.61
343 3.06
344 2.33
345 2.11
346 1.99
347 1.93
348 1.89
349 1.75
350 1.64
351 1.62
352 1.54
353 1.38
354 1.22
355 1.11
356 1.13
357 1.10
358 1.00
359 0.83
360 0.73
361 0.70
362 0.74
363 0.84
364 0.89
365 0.80
366 0.63
367 0.50
368 0.56
369 0.64
370 0.67
371 0.65
372 0.61
373 0.67
374 0.81
375 0.75
376 0.65
377 0.60
378 0.60
379 0.61
380 0.59
381 0.57
382 0.55
383 0.49
384 0.45
385 0.36
386 0.22
387 0.13
388 0.08
389 0.07
390 0.11
391 0.12
392 0.09
393 0.09
394 0.09
395 0.09
396 0.11
397 0.10
398 0.08
399 0.05
400 0.05
401 0.07
402 0.12
403 0.12
404 0.11
405 0.08
406 0.10
407 0.10
408 0.06
409 0.08
410 0.09
411 0.10
412 0.08
413 0.05
414 0.06
415 0.07
416 0.05
417 0.08
418 0.10
419 0.10
420 0.10
421 0.12
422 0.11
423 0.09
424 0.08End generation of Acel file

End Thread Acel data
425 0.08
426 0.08
427 0.07
428 0.06
429 0.07
430 0.09
431 0.09
432 0.09
433 0.08
434 0.05
435 0.06
436 0.04
437 0.03
438 0.06
439 0.10
440 0.06
441 0.06
442 0.05
443 0.03
444 0.05
445 0.04
446 0.03
447 0.10
448 0.55
449 1.89
450 3.11
451 3.38
452 2.60
453 2.03
454 1.92
455 1.71
456 1.59
457 1.51
458 1.42
459 1.31
460 1.25
461 1.19
462 1.08
463 0.96
464 0.96
465 0.97
466 0.96
467 0.92
468 0.85
469 0.76
470 0.69
471 0.70
472 0.72
473 0.74
474 0.70
475 0.64
476 0.63
477 0.80
478 0.92
479 0.81
480 0.71
481 0.66
482 0.58
483 0.56
484 0.54
485 0.52
486 0.49
487 0.50
488 0.54
489 0.68
490 0.67
491 0.56
492 0.51
493 0.46
494 0.22
495 0.06
496 0.04
497 0.03
498 0.04
499 0.04
500 0.02
501 0.02
502 0.00
503 0.00
504 0.03
505 0.03
506 0.02
507 0.01
508 0.00
509 0.01
510 0.01
511 0.00
512 0.00
513 0.02
514 0.00
515 0.02
516 0.02
517 0.02
518 0.00
519 0.00
520 0.02
521 0.04
522 0.02
523 0.00
524 0.00
525 0.01
526 0.01
527 0.00
528 0.00
529 0.04
530 0.04
531 0.01
532 0.00
533 0.00
534 0.00
535 0.02
536 0.05
537 0.02
538 0.00
539 0.00
540 0.00
541 0.00
542 0.00
543 0.00
544 0.00
545 0.00
546 0.00
547 0.00
548 0.00
549 0.00
550 0.00
551 0.00
552 0.00
553 0.00
554 0.00
555 0.00
556 0.07
557 0.82
558 2.16
559 3.01
560 2.70
561 1.98
562 1.76
563 1.79
564 1.71
565 1.56
566 1.30
567 1.21
568 1.14
569 1.08
570 1.03
571 0.99
572 0.94
573 0.84
574 0.81
575 0.84
576 0.81
577 0.84
578 0.91
579 0.99
580 0.94
581 0.77
582 0.66
583 0.66
584 0.72
585 0.74
586 0.72
587 0.65
588 0.62
589 0.62
590 0.59
591 0.58
592 0.65
593 0.72
594 0.81
595 0.80
596 0.75
597 0.77
598 0.77
599 0.66
600 0.49
601 0.39
602 0.24
603 0.07
604 0.02
605 0.04
606 0.01
607 0.02
608 0.02
609 0.00
610 0.00
611 0.03
612 0.02
613 0.01
614 0.03
615 0.00
616 0.00
617 0.00
618 0.00
619 0.00
620 0.00
621 0.00
622 0.00
623 0.03
624 0.01
625 0.02
626 0.00
627 0.00
628 0.00
629 0.02
630 0.02
631 0.00
632 0.00
633 0.00
634 0.00
635 0.00
636 0.01
637 0.02
638 0.00
639 0.00
640 0.01
641 0.00
642 0.00
643 0.03
644 0.04
645 0.01
646 0.01
647 0.01
648 0.01
649 0.03
650 0.01
651 0.02
652 0.03
653 0.03
654 0.00
655 0.00
656 0.02
657 0.04
658 0.03
659 0.03
660 0.02
661 0.00
End generation of Load file
End Thread Load data
1
[<_MainThread(MainThread, started 2712)>]
<_MainThread(MainThread, started 2712)>




Comenzando TEX >>>>>>>>>>>>>>>>>>>>>>>>>>>>>>>>
2>50>500>1.0>5>2.0>2.0>0>4.0>1>0.5>0.5>0>21>32>500>1>0>0>0>1>0>
Start capture for Acel data
End Thread Stim data
RAW > BADDDDDDDDDDDDDDDDDD: 31 0;-1048;-268;16444;1




STOP >>>>>>>>>>>>>>>>>>>>>>>>>>>>>>>>>>>>>>>
0>50>500>1.0>5>2.0>2.0>0>4.0>1>0.5>0.5>0>1>5>500>0>0>0>0>0>1>
Enviando comando Stop
Error open serial port: could not open port 'COM4': PermissionError(13, 'Access is denied.', None, 5) En -- read_serial group--
Pasando a enviar stop forzado <<<<>>>>>
Cannot open serial port COM3En -- read_serial Stop--
Enviando comando Stop
Vibracion detectada en 23 mA
End generation of Acel file
End Thread Acel data




Comenzando STIM >>>>>>>>>>>>>>>>>>>>>>>>>>>>>>>>
1>70>500>4.0>5>0.5>0.5>50>4.0>1>0.5>0.5>0>1>5>500>0>0>1>0>1>0>
End Thread Stim data
Start capture for Acel data
Start capture for Load data
RAW > BADDDDDDDDDDDDDDDDDD: 31 0;-1040;-108;16304;0
0.00
0.00
0.00
0.00
0.00
0.00
0.00
0.00
0.00
0.00
0.00
0.01
0.40
2.02
4.06
4.85
4.73
4.56
4.55
4.46
4.36
4.24
4.07
3.96
3.87
3.73
3.59
3.50
3.36
3.17
3.11
3.05
2.94
2.80
2.71
2.61
2.53
2.42
2.32
2.33
2.28
2.16
2.05
1.92
1.91
1.92
1.86
1.80
1.79
1.76
1.64
1.54
1.53
1.53
1.42
1.30
1.29
1.26
0.73
0.14
0.00
0.00
0.00
0.00
0.00
0.00
0.00
0.00
0.00
0.00
0.00
0.00
0.01
0.00
0.00
0.00
0.00
0.04
0.03
0.00
0.00
0.00
0.00
0.00
0.00
0.01
0.01
0.02
0.01
0.00
0.00
0.00
0.00
0.01
0.01
0.00
0.00
0.00
0.01
0.00
0.00
0.00
0.01
0.03
0.02
0.02
0.00
0.00
0.01
0.02
0.02
0.00
0.00
0.00
0.00
0.00
0.02
0.00
0.00
0.02
0.10
0.68
2.20
3.38
3.52
3.17
3.10
3.11
2.90
2.75
2.69
2.58
2.44
2.28
2.09
1.98
1.99
1.96
1.86
1.79
1.83
1.78
1.60
1.51
1.59
1.56
1.46
1.36
1.40
1.37
1.21
1.06
1.05
1.05
0.96
0.90
0.89
0.85
0.84
0.83
0.79
0.80
0.83
0.86
0.82
0.81
0.64
0.22
0.06
0.03
0.01
0.00
0.00
0.00
0.00
0.03
0.02
0.00
0.00
0.00
0.01
0.02
0.02
0.01
0.00
0.00
0.03
0.03
0.00
0.02
0.02
0.00
0.01
0.02
0.01
0.00
0.00
0.01
0.01
0.01
0.00
0.00
0.00
0.00
0.00
0.01
0.00
0.03
0.04
0.00
0.00
0.02
0.03
0.02
0.02
0.02
0.03
0.03
0.03
0.04
0.00
0.00
0.00
0.00
0.00
0.04
0.00
0.00
0.01
0.17
0.98
2.28
2.97
2.69
2.23
2.19
2.12
1.89
1.74
1.65
1.58
1.50
1.34
1.26
1.22
1.25
1.23
1.11
0.96
0.86
0.77
0.73
0.73
0.76
0.81
0.82
0.79
0.75
0.66
0.51
0.57
0.74
0.76
0.74
0.71
0.67
0.62
0.59
0.47
0.46
0.40
0.28
0.27
0.41
0.55
0.43
0.15
0.04
0.01
0.02
0.02
0.01
0.01
0.00
0.00
0.00
0.02
0.04
0.04
0.03
0.01
0.00
0.01
0.02
0.00
0.03
0.03
0.03
0.00
0.00
0.00
0.00
0.00
0.03
0.05
0.02
0.02
0.03
0.02
0.03
0.03
0.02
0.01
0.03
0.06
0.03
0.04
0.06
0.05
0.04
0.03
0.05
0.04
0.00
0.02
0.04
0.04
0.01
0.03
0.04
0.05
0.06
0.04
0.03
0.03
0.04
0.03
0.08
0.37
1.46
2.58
2.82
2.36
2.01
2.05
1.92
1.67
1.47
1.39
1.44
1.41
1.34
1.25
1.22
1.22
1.10
0.91
0.82
0.85
0.89
0.89
0.85
0.83
0.82
0.79
0.76
0.77
0.79
0.80
0.79
0.75
0.74
0.65
0.54
0.46
0.36
0.32
0.32
0.34
0.33
0.36
0.43
0.57
0.58
0.28
0.10
0.05
0.06
0.07
0.07
0.08
0.07
0.07
0.10
0.07
0.06
0.08
0.09
0.05
0.05
0.07
0.09
0.11
0.09
0.09
0.10
0.09
0.08
0.09
0.08
0.06
0.09
0.10
0.11
0.12
0.10
0.10
0.11
0.10
0.12
0.10
0.10
0.11
0.08
0.09
0.08
0.08
0.07
0.05
0.06
0.10
0.10
0.10
0.11
0.07
0.08
0.12
0.09
0.11
0.10
0.07
0.08
0.06
0.06
0.07
0.08
0.16
0.69
1.88
2.68
2.59
2.10
1.96
2.08
2.00
1.71
1.54
1.52
1.50
1.41
1.33
1.33
1.29
1.16
1.12
1.16
1.21
1.13
1.01
0.91
0.91
0.92
0.90
0.81
0.75
0.78
0.82
0.91
0.93
0.87
0.80
0.80
0.91
1.08
1.04
0.95
0.90
0.85
0.85
0.87
0.81
0.67
0.41
0.15
0.10
0.10
0.13
0.11
Error communicating...: index 3 is out of bounds for axis 0 with size 3 No se puede mandar el mensaje al acel
0.10
End capture about load data - saliendo de capturar datos de la celula de carga -
1 0.00
2 0.00
3 0.00
4 0.00
5 0.00
6 0.00
7 0.00
8 0.00
9 0.00
10 0.00
11 0.00
12 0.01
13 0.40
14 2.02
15 4.06
16 4.85
17 4.73
18 4.56
19 4.55
20 4.46
21 4.36
22 4.24
23 4.07
24 3.96
25 3.87
26 3.73
27 3.59
28 3.50
29 3.36
30 3.17
31 3.11
32 3.05
33 2.94
34 2.80
35 2.71
36 2.61
37 2.53
38 2.42
39 2.32
40 2.33
41 2.28
42 2.16
43 2.05
44 1.92
45 1.91
46 1.92
47 1.86
48 1.80
49 1.79
50 1.76
51 1.64
52 1.54
53 1.53
54 1.53
55 1.42
56 1.30
57 1.29
58 1.26
59 0.73
60 0.14
61 0.00
62 0.00
63 0.00
64 0.00
65 0.00
66 0.00
67 0.00
68 0.00
69 0.00
70 0.00
71 0.00
72 0.00
73 0.01
74 0.00
75 0.00
76 0.00
77 0.00
78 0.04
79 0.03
80 0.00
81 0.00
82 0.00
83 0.00
84 0.00
85 0.00
86 0.01
87 0.01
88 0.02
89 0.01
90 0.00
91 0.00
92 0.00
93 0.00
94 0.01
95 0.01
96 0.00
97 0.00
98 0.00
99 0.01
100 0.00
101 0.00
102 0.00
103 0.01
104 0.03
105 0.02
106 0.02
107 0.00
108 0.00
109 0.01
110 0.02
111 0.02
112 0.00
113 0.00
114 0.00
115 0.00
116 0.00
117 0.02
118 0.00
119 0.00
120 0.02
121 0.10
122 0.68
123 2.20
124 3.38
125 3.52
126 3.17
127 3.10
128 3.11
129 2.90
130 2.75
131 2.69
132 2.58
133 2.44
134 2.28
135 2.09
136 1.98
137 1.99
138 1.96
139 1.86
140 1.79
141 1.83
142 1.78
143 1.60
144 1.51
145 1.59
146 1.56
147 1.46
End generation of Acel file148 1.36
End Thread Acel data

149 1.40
150 1.37
151 1.21
152 1.06
153 1.05
154 1.05
155 0.96
156 0.90
157 0.89
158 0.85
159 0.84
160 0.83
161 0.79
162 0.80
163 0.83
164 0.86
165 0.82
166 0.81
167 0.64
168 0.22
169 0.06
170 0.03
171 0.01
172 0.00
173 0.00
174 0.00
175 0.00
176 0.03
177 0.02
178 0.00
179 0.00
180 0.00
181 0.01
182 0.02
183 0.02
184 0.01
185 0.00
186 0.00
187 0.03
188 0.03
189 0.00
190 0.02
191 0.02
192 0.00
193 0.01
194 0.02
195 0.01
196 0.00
197 0.00
198 0.01
199 0.01
200 0.01
201 0.00
202 0.00
203 0.00
204 0.00
205 0.00
206 0.01
207 0.00
208 0.03
209 0.04
210 0.00
211 0.00
212 0.02
213 0.03
214 0.02
215 0.02
216 0.02
217 0.03
218 0.03
219 0.03
220 0.04
221 0.00
222 0.00
223 0.00
224 0.00
225 0.00
226 0.04
227 0.00
228 0.00
229 0.01
230 0.17
231 0.98
232 2.28
233 2.97
234 2.69
235 2.23
236 2.19
237 2.12
238 1.89
239 1.74
240 1.65
241 1.58
242 1.50
243 1.34
244 1.26
245 1.22
246 1.25
247 1.23
248 1.11
249 0.96
250 0.86
251 0.77
252 0.73
253 0.73
254 0.76
255 0.81
256 0.82
257 0.79
258 0.75
259 0.66
260 0.51
261 0.57
262 0.74
263 0.76
264 0.74
265 0.71
266 0.67
267 0.62
268 0.59
269 0.47
270 0.46
271 0.40
272 0.28
273 0.27
274 0.41
275 0.55
276 0.43
277 0.15
278 0.04
279 0.01
280 0.02
281 0.02
282 0.01
283 0.01
284 0.00
285 0.00
286 0.00
287 0.02
288 0.04
289 0.04
290 0.03
291 0.01
292 0.00
293 0.01
294 0.02
295 0.00
296 0.03
297 0.03
298 0.03
299 0.00
300 0.00
301 0.00
302 0.00
303 0.00
304 0.03
305 0.05
306 0.02
307 0.02
308 0.03
309 0.02
310 0.03
311 0.03
312 0.02
313 0.01
314 0.03
315 0.06
316 0.03
317 0.04
318 0.06
319 0.05
320 0.04
321 0.03
322 0.05
323 0.04
324 0.00
325 0.02
326 0.04
327 0.04
328 0.01
329 0.03
330 0.04
331 0.05
332 0.06
333 0.04
334 0.03
335 0.03
336 0.04
337 0.03
338 0.08
339 0.37
340 1.46
341 2.58
342 2.82
343 2.36
344 2.01
345 2.05
346 1.92
347 1.67
348 1.47
349 1.39
350 1.44
351 1.41
352 1.34
353 1.25
354 1.22
355 1.22
356 1.10
357 0.91
358 0.82
359 0.85
360 0.89
361 0.89
362 0.85
363 0.83
364 0.82
365 0.79
366 0.76
367 0.77
368 0.79
369 0.80
370 0.79
371 0.75
372 0.74
373 0.65
374 0.54
375 0.46
376 0.36
377 0.32
378 0.32
379 0.34
380 0.33
381 0.36
382 0.43
383 0.57
384 0.58
385 0.28
386 0.10
387 0.05
388 0.06
389 0.07
390 0.07
391 0.08
392 0.07
393 0.07
394 0.10
395 0.07
396 0.06
397 0.08
398 0.09
399 0.05
400 0.05
401 0.07
402 0.09
403 0.11
404 0.09
405 0.09
406 0.10
407 0.09
408 0.08
409 0.09
410 0.08
411 0.06
412 0.09
413 0.10
414 0.11
415 0.12
416 0.10
417 0.10
418 0.11
419 0.10
420 0.12
421 0.10
422 0.10
423 0.11
424 0.08
425 0.09
426 0.08
427 0.08
428 0.07
429 0.05
430 0.06
431 0.10
432 0.10
433 0.10
434 0.11
435 0.07
436 0.08
437 0.12
438 0.09
439 0.11
440 0.10
441 0.07
442 0.08
443 0.06
444 0.06
445 0.07
446 0.08
447 0.16
448 0.69
449 1.88
450 2.68
451 2.59
452 2.10
453 1.96
454 2.08
455 2.00
456 1.71
457 1.54
458 1.52
459 1.50
460 1.41
461 1.33
462 1.33
463 1.29
464 1.16
465 1.12
466 1.16
467 1.21
468 1.13
469 1.01
470 0.91
471 0.91
472 0.92
473 0.90
474 0.81
475 0.75
476 0.78
477 0.82
478 0.91
479 0.93
480 0.87
481 0.80
482 0.80
483 0.91
484 1.08
485 1.04
486 0.95
487 0.90
488 0.85
489 0.85
490 0.87
491 0.81
492 0.67
493 0.41
494 0.15
495 0.10
496 0.10
497 0.13
498 0.11
499 0.10
End generation of Load file
End Thread Load data
1
[<_MainThread(MainThread, started 2712)>]
<_MainThread(MainThread, started 2712)>




Comenzando TEX >>>>>>>>>>>>>>>>>>>>>>>>>>>>>>>>
2>50>500>1.0>5>2.0>2.0>0>4.0>1>0.5>0.5>0>22>33>500>1>0>0>0>1>0>
Start capture for Acel data
End Thread Stim data
Error communicating...: index 3 is out of bounds for axis 0 with size 3 No se puede mandar el mensaje al acel
End generation of Acel file
End Thread Acel data




STOP >>>>>>>>>>>>>>>>>>>>>>>>>>>>>>>>>>>>>>>
0>50>500>1.0>5>2.0>2.0>0>4.0>1>0.5>0.5>0>1>5>500>0>0>0>0>0>1>
Enviando comando Stop
Enviando comando Stop
Enviando comando Stop
1
[<_MainThread(MainThread, started 2712)>]
<_MainThread(MainThread, started 2712)>




Comenzando TEX >>>>>>>>>>>>>>>>>>>>>>>>>>>>>>>>
2>50>500>1.0>5>2.0>2.0>0>4.0>1>0.5>0.5>0>22>33>500>1>0>0>0>1>0>
End Thread Stim data
Start capture for Acel data
RAW > BADDDDDDDDDDDDDDDDDD: 31 0;-1040;-4;16316;0




STOP >>>>>>>>>>>>>>>>>>>>>>>>>>>>>>>>>>>>>>>
0>50>500>1.0>5>2.0>2.0>0>4.0>1>0.5>0.5>0>1>5>500>0>0>0>0>0>1>
Enviando comando Stop
Error open serial port: could not open port 'COM4': PermissionError(13, 'Access is denied.', None, 5) En -- read_serial group--
Pasando a enviar stop forzado <<<<>>>>>
Cannot open serial port COM3En -- read_serial Stop--
Enviando comando Stop
Vibracion detectada en 23 mA
End generation of Acel file
End Thread Acel data
1
[<_MainThread(MainThread, started 2712)>]
<_MainThread(MainThread, started 2712)>




Comenzando TEX >>>>>>>>>>>>>>>>>>>>>>>>>>>>>>>>
2>50>500>1.0>5>2.0>2.0>0>4.0>1>0.5>0.5>0>22>33>500>1>0>0>0>1>0>
End Thread Stim data
Start capture for Acel data
RAW > BADDDDDDDDDDDDDDDDDD: 31 0;-1076;164;16412;0




STOP >>>>>>>>>>>>>>>>>>>>>>>>>>>>>>>>>>>>>>>
0>50>500>1.0>5>2.0>2.0>0>4.0>1>0.5>0.5>0>1>5>500>0>0>0>0>0>1>
Enviando comando Stop
Error open serial port: could not open port 'COM4': PermissionError(13, 'Access is denied.', None, 5) En -- read_serial group--
Pasando a enviar stop forzado <<<<>>>>>
Cannot open serial port COM3En -- read_serial Stop--
Enviando comando Stop
Vibracion detectada en 22 mA
End generation of Acel file
End Thread Acel data
1
[<_MainThread(MainThread, started 2712)>]
<_MainThread(MainThread, started 2712)>




Comenzando TEX >>>>>>>>>>>>>>>>>>>>>>>>>>>>>>>>
2>50>500>1.0>5>2.0>2.0>0>4.0>1>0.5>0.5>0>21>32>500>1>0>0>0>1>0>
Start capture for Acel data
End Thread Stim data
RAW > BADDDDDDDDDDDDDDDDDD: 31 0;-980;208;16348;0




STOP >>>>>>>>>>>>>>>>>>>>>>>>>>>>>>>>>>>>>>>
0>50>500>1.0>5>2.0>2.0>0>4.0>1>0.5>0.5>0>1>5>500>0>0>0>0>0>1>
Enviando comando Stop
Error open serial port: could not open port 'COM4': PermissionError(13, 'Access is denied.', None, 5) En -- read_serial group--
Pasando a enviar stop forzado <<<<>>>>>
Cannot open serial port COM3En -- read_serial Stop--
Enviando comando Stop
Vibracion detectada en 22 mA
End generation of Acel file
End Thread Acel data




Comenzando STIM >>>>>>>>>>>>>>>>>>>>>>>>>>>>>>>>
1>70>500>4.0>5>0.5>0.5>50>4.0>1>0.5>0.5>0>1>5>500>0>0>1>0>1>0>
Start capture for Acel data
End Thread Stim data
Start capture for Load data
RAW > BADDDDDDDDDDDDDDDDDD: 31 0;-1140;16;16252;0
0.07
0.05
0.03
0.03
0.03
0.05
0.04
0.00
0.01
0.05
0.09
0.09
0.45
2.19
4.52
5.81
6.00
5.94
5.92
5.87
5.83
5.76
5.68
5.59
5.51
5.42
5.31
5.23
5.15
5.08
5.01
4.94
4.81
4.71
4.68
4.62
4.53
4.45
4.39
4.26
4.21
4.18
4.11
4.01
3.91
3.92
3.89
3.78
3.69
3.67
3.64
3.58
3.55
3.52
3.47
3.35
3.25
3.14
2.29
0.80
0.16
0.03
0.00
0.02
0.00
0.00
0.03
0.02
0.00
0.00
0.00
0.00
0.00
0.00
0.01
0.00
0.00
0.01
0.01
0.02
0.01
0.00
0.00
0.00
0.00
0.00
0.00
0.00
0.00
0.00
0.02
0.04
0.02
0.03
0.02
0.01
0.00
0.01
0.03
0.01
0.01
0.03
0.04
0.01
0.02
0.00
0.02
0.06
0.03
0.04
0.00
0.00
0.00
0.00
0.00
0.00
0.00
0.01
0.02
0.02
0.09
0.72
2.38
3.78
4.35
4.33
4.29
4.37
4.37
4.26
4.14
4.00
3.90
3.85
3.76
3.68
3.62
3.61
3.56
3.48
3.43
3.35
3.29
3.26
3.18
3.10
3.03
2.94
2.82
2.75
2.68
2.59
2.57
2.53
2.40
2.29
2.24
2.25
2.18
2.03
1.96
1.98
1.94
1.86
1.84
1.81
1.48
0.67
0.14
0.03
0.00
0.00
0.01
0.00
0.02
0.04
0.01
0.00
0.02
0.02
0.03
0.01
0.03
0.00
0.01
0.05
0.07
0.02
0.01
0.00
0.00
0.00
0.02
0.02
0.05
0.04
0.03
0.02
0.00
0.00
0.00
0.00
0.01
0.01
0.04
0.03
0.04
0.03
0.00
0.00
0.03
0.03
0.00
0.00
0.03
0.01
0.02
0.00
0.00
0.05
0.04
0.03
0.03
0.02
0.00
0.02
0.04
0.02
0.00
0.14
0.91
2.29
3.22
3.57
3.51
3.46
3.33
3.24
3.12
2.96
2.86
2.79
2.78
2.74
2.66
2.55
2.42
2.37
2.35
2.22
2.10
2.00
1.95
1.91
1.81
1.70
1.68
1.59
1.44
1.40
1.33
1.23
1.21
1.14
1.11
1.08
1.05
0.97
0.93
0.85
0.71
0.63
0.64
0.65
0.66
0.52
0.21
0.08
0.00
0.00
0.00
0.01
0.03
0.02
0.04
0.04
0.03
0.02
0.03
0.03
0.04
0.05
0.04
0.02
0.01
0.02
0.02
0.04
0.03
0.03
0.06
0.04
0.06
0.05
0.05
0.07
0.04
0.02
0.04
0.01
0.03
0.04
0.03
0.03
0.03
0.05
0.05
0.03
0.02
0.04
0.02
0.01
0.06
0.04
0.03
0.03
0.02
0.02
0.02
0.05
0.04
0.03
0.05
0.05
0.04
0.02
0.05
0.07
0.25
1.12
2.16
2.72
2.91
2.76
2.65
2.52
2.38
2.23
2.17
2.15
2.06
1.92
1.88
Error communicating...: index 3 is out of bounds for axis 0 with size 3 No se puede mandar el mensaje al acel
1.88
End capture about load data - saliendo de capturar datos de la celula de carga -
1 0.07
2 0.05
3 0.03
4 0.03
5 0.03
6 0.05
7 0.04
8 0.00
9 0.01
10 0.05
11 0.09
12 0.09
13 0.45
14 2.19
15 4.52
16 5.81
17 6.00
18 5.94
19 5.92
20 5.87
21 5.83
22 5.76
23 5.68
24 5.59
25 5.51
26 5.42
27 5.31
28 5.23
29 5.15
30 5.08
31 5.01
32 4.94
33 4.81
34 4.71
35 4.68
36 4.62
37 4.53
38 4.45
39 4.39
40 4.26
41 4.21
42 4.18
43 4.11
44 4.01
45 3.91
46 3.92
47 3.89
48 3.78
49 3.69
50 3.67
51 3.64
52 3.58
53 3.55
54 3.52
55 3.47
56 3.35
57 3.25
58 3.14
59 2.29
60 0.80
61 0.16
62 0.03
63 0.00
64 0.02
65 0.00
66 0.00
67 0.03
68 0.02
69 0.00
70 0.00
71 0.00
72 0.00
73 0.00
74 0.00
75 0.01
76 0.00
77 0.00
78 0.01
79 0.01
80 0.02
81 0.01
82 0.00
83 0.00
84 0.00
85 0.00
86 0.00
87 0.00
88 0.00
89 0.00
90 0.00
91 0.02
92 0.04
93 0.02
94 0.03
95 0.02
96 0.01
97 0.00
98 0.01
99 0.03
100 0.01
101 0.01
102 0.03
103 0.04
104 0.01
105 0.02
106 0.00
107 0.02
108 0.06
109 0.03
110 0.04
111 0.00
112 0.00End generation of Acel file
113 0.00
114 0.00
115 0.00

End Thread Acel data
116 0.00
117 0.00
118 0.01
119 0.02
120 0.02
121 0.09
122 0.72
123 2.38
124 3.78
125 4.35
126 4.33
127 4.29
128 4.37
129 4.37
130 4.26
131 4.14
132 4.00
133 3.90
134 3.85
135 3.76
136 3.68
137 3.62
138 3.61
139 3.56
140 3.48
141 3.43
142 3.35
143 3.29
144 3.26
145 3.18
146 3.10
147 3.03
148 2.94
149 2.82
150 2.75
151 2.68
152 2.59
153 2.57
154 2.53
155 2.40
156 2.29
157 2.24
158 2.25
159 2.18
160 2.03
161 1.96
162 1.98
163 1.94
164 1.86
165 1.84
166 1.81
167 1.48
168 0.67
169 0.14
170 0.03
171 0.00
172 0.00
173 0.01
174 0.00
175 0.02
176 0.04
177 0.01
178 0.00
179 0.02
180 0.02
181 0.03
182 0.01
183 0.03
184 0.00
185 0.01
186 0.05
187 0.07
188 0.02
189 0.01
190 0.00
191 0.00
192 0.00
193 0.02
194 0.02
195 0.05
196 0.04
197 0.03
198 0.02
199 0.00
200 0.00
201 0.00
202 0.00
203 0.01
204 0.01
205 0.04
206 0.03
207 0.04
208 0.03
209 0.00
210 0.00
211 0.03
212 0.03
213 0.00
214 0.00
215 0.03
216 0.01
217 0.02
218 0.00
219 0.00
220 0.05
221 0.04
222 0.03
223 0.03
224 0.02
225 0.00
226 0.02
227 0.04
228 0.02
229 0.00
230 0.14
231 0.91
232 2.29
233 3.22
234 3.57
235 3.51
236 3.46
237 3.33
238 3.24
239 3.12
240 2.96
241 2.86
242 2.79
243 2.78
244 2.74
245 2.66
246 2.55
247 2.42
248 2.37
249 2.35
250 2.22
251 2.10
252 2.00
253 1.95
254 1.91
255 1.81
256 1.70
257 1.68
258 1.59
259 1.44
260 1.40
261 1.33
262 1.23
263 1.21
264 1.14
265 1.11
266 1.08
267 1.05
268 0.97
269 0.93
270 0.85
271 0.71
272 0.63
273 0.64
274 0.65
275 0.66
276 0.52
277 0.21
278 0.08
279 0.00
280 0.00
281 0.00
282 0.01
283 0.03
284 0.02
285 0.04
286 0.04
287 0.03
288 0.02
289 0.03
290 0.03
291 0.04
292 0.05
293 0.04
294 0.02
295 0.01
296 0.02
297 0.02
298 0.04
299 0.03
300 0.03
301 0.06
302 0.04
303 0.06
304 0.05
305 0.05
306 0.07
307 0.04
308 0.02
309 0.04
310 0.01
311 0.03
312 0.04
313 0.03
314 0.03
315 0.03
316 0.05
317 0.05
318 0.03
319 0.02
320 0.04
321 0.02
322 0.01
323 0.06
324 0.04
325 0.03
326 0.03
327 0.02
328 0.02
329 0.02
330 0.05
331 0.04
332 0.03
333 0.05
334 0.05
335 0.04
336 0.02
337 0.05
338 0.07
339 0.25
340 1.12
341 2.16
342 2.72
343 2.91
344 2.76
345 2.65
346 2.52
347 2.38
348 2.23
349 2.17
350 2.15
351 2.06
352 1.92
353 1.88
354 1.88
End generation of Load file
End Thread Load data




STOP >>>>>>>>>>>>>>>>>>>>>>>>>>>>>>>>>>>>>>>
0>50>500>1.0>5>2.0>2.0>0>4.0>1>0.5>0.5>0>1>5>500>0>0>0>0>0>1>
Enviando comando Stop
Enviando comando Stop
Enviando comando Stop
1
[<_MainThread(MainThread, started 2712)>]
<_MainThread(MainThread, started 2712)>




Comenzando TEX >>>>>>>>>>>>>>>>>>>>>>>>>>>>>>>>
2>50>500>1.0>5>2.0>2.0>0>4.0>1>0.5>0.5>0>21>32>500>1>0>0>0>1>0>
Start capture for Acel data
End Thread Stim data
RAW > BADDDDDDDDDDDDDDDDDD: 31 0;-1132;276;16516;0




STOP >>>>>>>>>>>>>>>>>>>>>>>>>>>>>>>>>>>>>>>
0>50>500>1.0>5>2.0>2.0>0>4.0>1>0.5>0.5>0>1>5>500>0>0>0>0>0>1>
Enviando comando Stop
Error open serial port: could not open port 'COM4': PermissionError(13, 'Access is denied.', None, 5) En -- read_serial group--
Pasando a enviar stop forzado <<<<>>>>>
Cannot open serial port COM3En -- read_serial Stop--
Enviando comando Stop
Vibracion detectada en 22 mA
End generation of Acel file
End Thread Acel data




Comenzando STIM >>>>>>>>>>>>>>>>>>>>>>>>>>>>>>>>
1>70>500>4.0>5>0.5>0.5>50>4.0>1>0.5>0.5>0>1>5>500>0>0>1>0>1>0>
Start capture for Acel data
End Thread Stim data
Start capture for Load data
RAW > BADDDDDDDDDDDDDDDDDD: 31 0;-1084;264;16424;0
0.07
0.09
0.07
0.04
0.04
0.04
0.06
0.09
0.05
0.01
0.05
0.08
0.15
0.61
1.95
3.13
3.79
3.92
3.95
3.92
3.83
3.73
3.69
3.60
3.50
3.39
3.40
3.40
3.30
3.16
3.07
3.04
3.01
2.97
2.88
2.80
2.68
2.59
2.55
2.52
2.42
2.28
2.23
2.27
2.21
2.13
2.10
2.04
1.98
1.91
1.83
1.75
1.67
1.70
1.71
1.63
1.54
1.55
1.17
0.42
0.10
0.02
0.02
0.02
0.01
0.04
0.08
0.07
0.03
0.04
0.03
0.03
0.02
0.03
0.05
0.03
0.05
0.05
0.06
0.02
0.03
0.04
0.04
0.05
0.02
0.04
0.03
0.04
0.04
0.04
0.02
0.02
0.02
0.00
0.00
0.01
0.01
0.02
0.01
0.04
0.05
0.06
0.04
0.04
0.05
0.02
0.01
0.06
0.08
0.06
0.04
0.02
0.05
0.06
0.05
0.05
0.02
0.05
0.05
0.02
0.08
0.21
0.80
1.70
2.20
2.67
2.73
2.70
2.58
2.42
2.30
2.23
2.22
2.14
2.13
2.13
2.01
1.83
1.70
1.76
1.85
1.77
1.58
1.45
1.44
1.37
1.23
1.22
1.17
1.05
0.82
0.75
0.74
0.71
0.64
0.57
0.57
0.54
0.45
0.36
0.31
0.34
0.35
0.37
0.42
0.41
0.33
0.19
0.08
0.01
0.00
0.04
0.03
0.05
0.03
0.03
0.03
0.04
0.04
0.06
0.07
0.04
0.01
0.05
0.07
0.10
0.07
0.07
0.05
0.05
0.03
0.03
0.03
0.03
0.06
0.04
0.06
0.06
0.02
0.03
0.02
0.00
0.04
0.08
0.03
0.02
0.04
0.05
0.05
0.05
0.02
0.03
0.05
0.04
0.02
0.03
0.06
0.07
0.05
0.05
0.05
0.07
0.06
0.08
0.07
0.07
0.07
0.06
0.08
0.10
0.26
1.05
1.64
2.02
2.36
2.33
2.33
2.30
2.17
2.02
1.93
1.94
1.93
1.81
1.66
1.52
1.51
1.46
1.33
1.31
1.31
1.23
1.05
0.90
0.86
0.85
0.81
0.72
0.52
0.39
0.39
0.42
0.35
0.31
0.28
0.30
0.36
0.38
0.36
0.29
0.22
0.16
0.15
0.23
0.29
0.31
0.16
0.06
0.04
0.03
0.02
0.03
0.03
0.02
0.04
0.04
0.01
0.04
0.06
0.03
0.02
0.03
0.04
0.06
0.07
0.05
0.03
0.04
0.06
0.04
0.04
0.04
0.04
0.05
0.03
0.03
0.02
0.02
0.03
0.04
0.02
0.00
0.00
0.01
0.06
0.05
0.01
0.01
0.01
0.02
0.04
0.03
0.05
0.04
0.06
0.06
0.05
0.05
0.06
0.05
0.08
0.07
0.04
0.03
0.03
0.01
0.02
0.03
0.11
0.52
1.24
1.54
1.96
2.03
1.94
2.02
1.93
1.82
1.77
1.77
1.68
1.57
1.45
1.38
1.30
1.22
1.11
1.07
1.04
0.99
0.87
0.78
0.72
0.58
0.56
0.55
0.46
0.36
0.28
0.26
0.25
0.21
0.21
0.23
0.22
0.22
0.24
0.22
0.17
0.21
0.24
0.27
0.29
0.24
0.14
0.08
0.04
0.05
0.05
0.02
0.02
0.03
0.02
0.00
0.01
0.04
0.04
0.06
0.05
0.03
0.04
0.03
0.03
0.02
0.03
0.02
0.02
0.05
0.02
0.01
0.01
0.02
0.06
0.05
0.02
0.02
0.06
0.05
0.04
0.03
0.03
0.05
0.04
0.03
0.01
0.04
0.04
0.04
0.00
0.02
0.05
0.05
0.02
0.00
0.02
0.04
0.04
0.04
0.01
0.00
0.00
0.02
0.06
0.06
0.06
0.06
0.07
0.17
0.76
1.38
1.73
2.11
2.05
2.01
1.95
1.92
1.91
1.91
1.88
1.81
1.73
1.68
1.57
1.39
1.26
1.28
1.32
1.26
1.16
1.04
1.01
0.92
Error communicating...: index 4 is out of bounds for axis 0 with size 4 No se puede mandar el mensaje al acel
0.74
End capture about load data - saliendo de capturar datos de la celula de carga -
1 0.07
2 0.09
3 0.07
4 0.04
5 0.04
6 0.04
7 0.06
8 0.09
9 0.05
10 0.01
11 0.05
12 0.08
13 0.15
14 0.61
15 1.95
16 3.13
17 3.79
18 3.92
19 3.95
20 3.92
21 3.83
22 3.73
23 3.69
24 3.60
25 3.50
26 3.39
27 3.40
28 3.40
29 3.30
30 3.16
31 3.07
32 3.04
33 3.01
34 2.97
35 2.88
36 2.80
37 2.68
38 2.59
39 2.55
40 2.52
41 2.42
42 2.28
43 2.23
44 2.27
45 2.21
46 2.13
47 2.10
48 2.04
49 1.98
50 1.91
51 1.83
52 1.75
53 1.67
54 1.70
55 1.71
56 1.63
57 1.54
58 1.55
59 1.17
60 0.42
61 0.10
62 0.02
63 0.02
64 0.02
65 0.01
66 0.04
67 0.08
68 0.07
69 0.03
70 0.04
71 0.03
72 0.03
73 0.02
74 0.03
75 0.05
76 0.03
77 0.05
78 0.05
79 0.06
80 0.02
81 0.03
82 0.04
83 0.04
84 0.05
85 0.02
86 0.04
87 0.03
88 0.04
89 0.04
90 0.04
91 0.02
92 0.02
93 0.02
94 0.00
95 0.00
96 0.01
97 0.01
98 0.02
99 0.01
100 0.04
101 0.05
102 0.06
103 0.04
104 0.04
105 0.05
106 0.02
107 0.01
108 0.06
109 0.08
110 0.06
111 0.04
112 0.02
113 0.05
114 0.06
115 0.05
116 0.05
117 0.02
118 0.05
119 0.05
120 0.02
121 0.08
122 0.21
123 0.80
124 1.70
125 2.20
126 2.67
127 2.73
128 2.70
129 2.58
130 2.42
131 2.30
132 2.23
133 2.22
134 2.14
135 2.13
136 2.13
137 2.01
138 1.83
139 1.70
140 1.76
141 1.85
142 1.77
143 1.58
144 1.45
145 1.44
146 1.37
147 1.23
148 1.22
149 1.17
150 1.05
151 0.82
152 0.75
153 0.74
154 0.71
155 0.64
156 0.57
157 0.57
158 0.54
159 0.45
160 0.36
161 0.31
162 0.34
163 0.35
164 0.37
165 0.42
166 0.41
167 0.33
168 0.19
169 0.08
170 0.01
171 0.00
172 0.04
173 0.03
174 0.05
175 0.03
176 0.03
177 0.03
178 0.04
179 0.04
180 0.06
181 0.07
182 0.04
183 0.01
184 0.05
185 0.07
186 0.10
187 0.07
188 0.07
189 0.05
190 0.05
191 0.03
192 0.03
193 0.03
194 0.03
195 0.06
196 0.04
197 0.06
198 0.06
199 0.02
200 0.03
201 0.02
202 0.00
203 0.04
204 0.08
205 0.03
206 0.02
207 0.04
208 0.05
209 0.05
210 0.05
211 0.02
212 0.03
213 0.05
214 0.04
215 0.02
216 0.03
217 0.06
218 0.07
219 0.05
220 0.05
221 0.05
222 0.07
223 0.06
224 0.08
225 0.07
226 0.07
227 0.07
228 0.06
229 0.08
230 0.10
231 0.26
232 1.05
233 1.64
234 2.02
235 2.36
236 2.33
237 2.33
238 2.30
239 2.17
240 2.02
241 1.93
242 1.94
243 1.93
244 1.81
245 1.66
246 1.52
247 1.51
248 1.46
249 1.33
250 1.31
251 1.31
252 1.23
253 1.05
254 0.90
255 0.86
256 0.85
257 0.81
258 0.72
259 0.52
260 0.39
261 0.39
262 0.42
263 0.35
264 0.31
265 0.28
266 0.30
267 0.36
268 0.38
269 0.36
270 0.29
271 0.22
272 0.16
273 0.15
274 0.23
275 0.29
276 0.31
277 0.16
278 0.06
279 0.04
280 0.03
281 0.02
282 0.03
283 0.03
284 0.02
285 0.04
286 0.04
287 0.01
288 0.04
289 0.06
290 0.03
291 0.02
292 0.03
293 0.04
294 0.06
295 0.07
296 0.05
297 0.03
298 0.04
299 0.06
300 0.04
301 0.04
302 0.04
303 0.04
304 0.05
305 0.03
306 0.03
307 0.02
308 0.02
309 0.03
310 0.04
311 0.02
312 0.00
313 0.00
314 0.01
315 0.06
316 0.05
317 0.01
318 0.01
319 0.01
320 0.02
321 0.04
322 0.03
323 0.05
324 0.04
325 0.06
326 0.06
327 0.05
328 0.05
329 0.06
330 0.05
331 0.08
332 0.07
333 0.04
334 0.03
335 0.03
336 0.01
337 0.02
338 0.03
339 0.11
340 0.52
341 1.24
342 1.54
343 1.96
344 2.03
345 1.94
346 2.02
347 1.93
348 1.82
349 1.77
350 1.77
351 1.68
352 1.57
353 1.45
354 1.38
355 1.30
356 1.22
357 1.11
358 1.07
359 1.04
360 0.99
361 0.87
362 0.78
363 0.72
364 0.58
365 0.56
366 0.55
367 0.46
368 0.36
369 0.28
370 0.26
371 0.25
372 0.21
373 0.21
374 0.23
375 0.22
376 0.22
377 0.24
378 0.22
379 0.17
380 0.21
381 0.24
382 0.27
383 0.29
384 0.24
385 0.14
386 0.08
387 0.04
388 0.05
389 0.05
390 0.02
391 0.02
392 0.03
393 0.02
394 0.00
395 0.01
396 0.04
397 0.04
398 0.06
399 0.05
400 0.03
401 0.04
402 0.03
403 0.03
404 0.02
405 0.03
406 0.02
407 0.02
408 0.05
409 0.02
410 0.01
411 0.01
412 0.02
413 0.06
414 0.05
415 0.02
416 0.02
417 0.06
418 0.05
419 0.04
420 0.03
421 0.03
422 0.05
423 0.04
424 0.03
425 0.01
426 0.04
427 0.04
428 0.04
429 0.00
430 0.02
431 0.05
432 0.05
433 0.02
434 0.00
435 0.02
436 0.04
437 0.04
438 0.04
439 0.01
440 0.00
441 0.00
442 0.02
443 0.06
444 0.06
445 0.06
446 0.06
447 0.07
448 0.17
449 0.76
450 1.38
451 1.73
452 2.11
453 2.05
454 2.01
455 1.95
456 1.92
457 1.91
458 1.91
459 1.88
460 1.81
461 1.73
462 1.68
463 1.57
464 1.39
465 1.26
466 1.28
467 1.32
468 1.26
469 1.16
470 1.04
471 1.01
472 0.92
473 0.74
End generation of Load file
End Thread Load data
End generation of Acel file
End Thread Acel data
1
[<_MainThread(MainThread, started 2712)>]
<_MainThread(MainThread, started 2712)>




Comenzando TEX >>>>>>>>>>>>>>>>>>>>>>>>>>>>>>>>
2>50>500>1.0>5>2.0>2.0>0>4.0>1>0.5>0.5>0>21>32>500>1>0>0>0>1>0>
Start capture for Acel dataEnd Thread Stim data

Error communicating...: index 2 is out of bounds for axis 0 with size 2 No se puede mandar el mensaje al acel
End generation of Acel file
End Thread Acel data




STOP >>>>>>>>>>>>>>>>>>>>>>>>>>>>>>>>>>>>>>>
0>50>500>1.0>5>2.0>2.0>0>4.0>1>0.5>0.5>0>1>5>500>0>0>0>0>0>1>
Enviando comando Stop
Enviando comando Stop
Enviando comando Stop
1
[<_MainThread(MainThread, started 2712)>]
<_MainThread(MainThread, started 2712)>




Comenzando TEX >>>>>>>>>>>>>>>>>>>>>>>>>>>>>>>>
2>50>500>1.0>5>2.0>2.0>0>4.0>1>0.5>0.5>0>21>32>500>1>0>0>0>1>0>
Start capture for Acel data
End Thread Stim data
RAW > BADDDDDDDDDDDDDDDDDD: 31 0;-1084;320;16292;0




STOP >>>>>>>>>>>>>>>>>>>>>>>>>>>>>>>>>>>>>>>
0>50>500>1.0>5>2.0>2.0>0>4.0>1>0.5>0.5>0>1>5>500>0>0>0>0>0>1>
Enviando comando Stop
Error open serial port: could not open port 'COM4': PermissionError(13, 'Access is denied.', None, 5) En -- read_serial group--
Pasando a enviar stop forzado <<<<>>>>>
Cannot open serial port COM3En -- read_serial Stop--
Enviando comando Stop
Vibracion detectada en 24 mA
End generation of Acel file
End Thread Acel data




Comenzando STIM >>>>>>>>>>>>>>>>>>>>>>>>>>>>>>>>
1>70>500>4.0>5>0.5>0.5>50>4.0>1>0.5>0.5>0>1>5>500>0>0>1>0>1>0>
Start capture for Acel data
End Thread Stim data
Start capture for Load data
RAW > BADDDDDDDDDDDDDDDDDD: 31 0;-1076;264;16408;0
0.03
0.00
0.00
0.00
0.00
0.00
0.00
0.00
0.00
0.00
0.00
0.03
0.28
1.58
3.31
4.10
4.29
4.25
4.28
4.31
4.29
4.23
4.16
4.10
4.03
3.99
3.97
3.91
3.88
3.84
3.76
3.70
3.71
3.67
3.61
3.56
3.50
3.45
3.39
3.36
3.30
3.27
3.19
3.08
3.03
3.01
2.93
2.89
2.83
2.74
2.74
2.72
2.66
2.64
2.59
2.57
2.51
2.17
1.06
0.17
0.04
0.00
0.00
0.00
0.00
0.00
0.00
0.00
0.00
0.00
0.00
0.00
0.00
0.02
0.02
0.00
0.00
0.00
0.00
0.00
0.00
0.00
0.00
0.00
0.01
0.00
0.00
0.00
0.01
0.00
0.00
0.00
0.00
0.00
0.00
0.00
0.01
0.00
0.00
0.00
0.00
0.01
0.00
0.00
0.00
0.00
0.00
0.00
0.01
0.00
0.00
0.00
0.00
0.00
0.00
0.00
0.02
0.00
0.00

22
23
24
26
27
28
30
